A
Bidang:
(2,0),(0,2),(0,11),(1,11),(1,8),(6,8),(6,11),(7,11),(7,2),(5,0)
Bolong:
(2,5),(2,9),(5,9),(5,5)

B
Bidang:
(0,0),(0,11),(5,11),(7,10),(7,1),(5,0)
Bolong:
(2,2),(2,4),(5,4),(5,2)
Bolong:
(2,7),(2,9),(5,9),(5,7)

Bolong yg dijadiin satu:
(2,2),(2,9),(5,9),(5,7),(2,7),()


C
Bidang:
(2,0),(0,0),(0,10),(2,11),(5,11),(7,10),(7,9),(6,9),(5,10),(2,10),(1,9),(1,2),(2,1),(5,1),(6,2),(7,2),(7,1),(5,0)

D
Bidang:
(0,0),(0,11),(5,11),(7,10),(7,1),(5,0)
Bolong:
(2,2),(2,9),(5,9),(5,2)

E
Bidang:
(0,0),(0,11),(7,11),(7,10),(1,10),(1,6),(7,6),(7,5),(1,5),(1,1),(7,1),(7,0)

F
Bidang:
(0,0),(0,11),(1,11),(1,7),(7,7),(7,6),(1,6),(1,1),(7,1),(7,0)

G
Bidang:
(2,0),(0,1),(0,10),(2,11),(7,11),(7,6),(4,6),(4,7),(6,7),(6,9),(5,10),(2,10)(1,9),(1,2),(2,1),(7,1),(7,0)

H
Bidang:
(0,0),(0,11),(1,11),(1,6),(6,6),(6,11),(7,11),(7,0),(6,0),(6,5),(1,5),(1,0)

I
Bidang:
(0,0),(0,1),(3,1),(3,10),(0,10),(0,11),(7,11),(7,10),(4,10),(4,1),(7,1),(7,0)

J
Bidang:
(0,0),(0,1),(6,1),(6,9),(5,10),(2,10),(1,9),(1,8),(0,8),(0,10),(2,11),(5,11),(7,10),(7,0)

K
Bidang:
(0,0),(0,11),(1,11),(1,6),(6,11),(7,11),(2,6),(2,5),(7,0),(6,0),(1,5),(1,0)

L
Bidang:
(0,0),(0,11),(7,11),(7,10),(1,10),(1,0)

M
Bidang:
(0,0),(0,11),(1,11),(1,2),(3,4),(4,4),(6,2),(6,11),(7,11),(7,0),(6,0),(4,3),(3,3),(1,0)

N
Bidang:
(0,0),(0,11),(1,11),(1,4),(6,9),(6,11),(7,11),(7,0),(6,0),(6,7),(1,2),(1,0)

O
Bidang:
(2,0),(0,2),(0,9),(2,11),(5,11),(7,9),(7,2),(5,0)
Bolong:
(2,2),(2,9),(5,9),(5,2)

P
Bidang:
(0,0),(0,11),(1,11),(1,6),(5,6),(7,4),(7,2),(5,0)
Bolong:
(2,2),(2,4),(5,4),(5,2)

Q
Bidang:
(2,0),(0,2),(0,9),(2,11),(4,11),(6,10),(7,11),(7,10),(6,9),(7,8),(7,2),(5,0)
Bolong:
(2,2),(2,9),(4,9),(3,7),(4,6),(5,7),(5,2)

R
Bidang:
(0,0),(0,11),(1,11),(1,6),(6,11),(7,11),(2,6),(5,6),(7,4),(7,2),(5,0)
Bolong:
(2,2),(2,4),(5,4),(5,2)

S
Bidang:
(2,0),(0,2),(0,5),(1,6),(5,6),(6,7),(6,9),(5,10),(2,10),(1,9),(0,9),(2,11),(5,11),(7,9),(7,6),(6,5),(2,5),(1,4),(1,2),(2,1),(5,1),(6,2),(7,2),(5,0)

T
Bidang:
(0,0),(0,1),(3,1),(3,11),(4,11),(4,1),(7,1),(7,0)

U
Bidang:
(0,0),(0,9),(2,11),(5,11),(7,9),(7,0),(6,0),(6,9),(5,10),(2,10),(1,9),(1,0)

V
Bidang:
(0,0),(0,8),(3,11),(4,11),(7,8),(7,0),(6,0),(6,8),(4,10),(3,10),(1,8),(1,0)

W
Bidang:
(0,0),(0,11),(1,11),(1,10),(3,8),(4,8),(6,10),(6,11),(7,11),(7,0),(6,0),(6,9),(4,6),(3,6),(1,9),(1,0)

Y
Bidang:
(0,0),(0,1),(3,4),(3,11),(4,11),(4,4),(7,1),(7,0),(4,3),(3,3)

Z
Bidang:
(0,0),(0,1),(6,1),(6,2),(0,8),(0,11),(7,11),(7,10),(1,10),(1,9),(7,2),(7,0)

Dot
Bidang:
(0,4),(0,6),(2,8),(5,8),(7,6),(7,4),(5,2),(2,2)
Bolong:
(3,4),(3,6),(4,6),(4,4)


